pos_precision = 1 / 6 = 0.16666666666666666
pos_recall = 1 / 29 = 0.034482758620689655
pos_F1 = 0.05714285714285715 
neg_precision = 82 / 110 = 0.7454545454545455
neg_recall = 82 / 87 = 0.9425287356321839
neg_F1 = 0.83248730964467 
ave_precision = 0.45606060606060606
ave_recall = 0.48850574712643674
ave_F1 = 0.4448150833937636
all_precision = 0.7155172413793104
