pos_precision = 3 / 10 = 0.3
pos_recall = 3 / 27 = 0.1111111111111111
pos_F1 = 0.16216216216216217 
neg_precision = 103 / 127 = 0.8110236220472441
neg_recall = 103 / 110 = 0.9363636363636364
neg_F1 = 0.869198312236287 
ave_precision = 0.555511811023622
ave_recall = 0.5237373737373737
ave_F1 = 0.5156802371992246
all_precision = 0.7737226277372263

