pos_precision = 2 / 3 = 0.6666666666666666
pos_recall = 2 / 21 = 0.09523809523809523
pos_F1 = 0.16666666666666666 
neg_precision = 102 / 121 = 0.8429752066115702
neg_recall = 102 / 103 = 0.9902912621359223
neg_F1 = 0.9107142857142858 
ave_precision = 0.7548209366391184
ave_recall = 0.5427646786870088
ave_F1 = 0.5386904761904763
all_precision = 0.8387096774193549

