pos_precision = 3 / 6 = 0.5
pos_recall = 3 / 29 = 0.10344827586206896
pos_F1 = 0.17142857142857143 
neg_precision = 98 / 124 = 0.7903225806451613
neg_recall = 98 / 101 = 0.9702970297029703
neg_F1 = 0.8711111111111111 
ave_precision = 0.6451612903225806
ave_recall = 0.5368726527825196
ave_F1 = 0.5212698412698412
all_precision = 0.7769230769230769

