pos_precision = 4 / 8 = 0.5
pos_recall = 4 / 19 = 0.21052631578947367
pos_F1 = 0.2962962962962963 
neg_precision = 109 / 124 = 0.8790322580645161
neg_recall = 109 / 113 = 0.9646017699115044
neg_F1 = 0.919831223628692 
ave_precision = 0.689516129032258
ave_recall = 0.587564042850489
ave_F1 = 0.6080637599624941
all_precision = 0.8560606060606061

