pos_precision = 15 / 22 = 0.6818181818181818
pos_recall = 15 / 35 = 0.42857142857142855
pos_F1 = 0.5263157894736843 
neg_precision = 93 / 113 = 0.8230088495575221
neg_recall = 93 / 100 = 0.93
neg_F1 = 0.8732394366197184 
ave_precision = 0.752413515687852
ave_recall = 0.6792857142857143
ave_F1 = 0.6997776130467013
all_precision = 0.8

