pos_precision = 13 / 17 = 0.7647058823529411
pos_recall = 13 / 35 = 0.37142857142857144
pos_F1 = 0.5 
neg_precision = 85 / 107 = 0.794392523364486
neg_recall = 85 / 89 = 0.9550561797752809
neg_F1 = 0.8673469387755102 
ave_precision = 0.7795492028587135
ave_recall = 0.6632423756019261
ave_F1 = 0.6836734693877551
all_precision = 0.7903225806451613

