pos_precision = 12 / 16 = 0.75
pos_recall = 12 / 22 = 0.5454545454545454
pos_F1 = 0.631578947368421 
neg_precision = 95 / 105 = 0.9047619047619048
neg_recall = 95 / 99 = 0.9595959595959596
neg_F1 = 0.9313725490196078 
ave_precision = 0.8273809523809523
ave_recall = 0.7525252525252525
ave_F1 = 0.7814757481940144
all_precision = 0.8842975206611571

