pos_precision = 3 / 7 = 0.42857142857142855
pos_recall = 3 / 41 = 0.07317073170731707
pos_F1 = 0.125 
neg_precision = 90 / 128 = 0.703125
neg_recall = 90 / 94 = 0.9574468085106383
neg_F1 = 0.8108108108108107 
ave_precision = 0.5658482142857143
ave_recall = 0.5153087701089777
ave_F1 = 0.4679054054054054
all_precision = 0.6888888888888889

