pos_precision = 6 / 16 = 0.375
pos_recall = 6 / 26 = 0.23076923076923078
pos_F1 = 0.2857142857142857 
neg_precision = 83 / 103 = 0.8058252427184466
neg_recall = 83 / 93 = 0.8924731182795699
neg_F1 = 0.846938775510204 
ave_precision = 0.5904126213592233
ave_recall = 0.5616211745244003
ave_F1 = 0.5663265306122449
all_precision = 0.7478991596638656

