pos_precision = 241 / 266 = 0.9060150375939849
pos_recall = 241 / 541 = 0.4454713493530499
pos_F1 = 0.59727385377943 
neg_precision = 190 / 490 = 0.3877551020408163
neg_recall = 190 / 215 = 0.8837209302325582
neg_F1 = 0.5390070921985816 
ave_precision = 0.6468850698174007
ave_recall = 0.664596139792804
ave_F1 = 0.5681404729890058
all_precision = 0.5701058201058201

