pos_precision = 500 / 654 = 0.764525993883792
pos_recall = 500 / 502 = 0.9960159362549801
pos_F1 = 0.8650519031141869 
neg_precision = 32 / 34 = 0.9411764705882353
neg_recall = 32 / 186 = 0.17204301075268819
neg_F1 = 0.2909090909090909 
ave_precision = 0.8528512322360137
ave_recall = 0.5840294735038342
ave_F1 = 0.5779804970116389
all_precision = 0.7732558139534884
Accuracy = 77.3256% (532/688) (classification)

